user_id	place_id	rating
18904	130	5
2194	130	5
11711	130	4
47487	880	5
6746	880	5
6227	1710	5
11711	1830	4
6746	2100	5
2956	4040	4
11711	4040	4
45370	4040	5
18904	4041	5
42289	22880310	3
54509	23360130	5
268	23361040	4
55096	23700010	5
5700	23700010	5
5512	23700010	4
3379	23700010	4
55380	23700010	4
55070	23700010	5
8372	23700010	5
5343	23700010	5
55005	23700010	5
2956	23700010	4
31512	23700010	5
55557	23700010	5
55179	23700010	4
55624	23700010	5
542	23700010	4
54918	23700010	5
55167	23700010	5
55268	23700010	5
48387	23700010	5
55372	23700010	4
6746	23700010	1
55437	23700010	5
55373	24470020	5
2956	24470020	5
10294	24880070	3
6746	24880070	4
13849	24880080	4
6746	24880080	5
2956	24880080	5
11711	24880080	5
1858	24880230	5
6746	24880240	5
5700	24880240	5
6746	28350010	4
33869	28350020	4
32323	30810040	4
6227	30810080	4
2194	30810080	5
13849	32890010	5
6227	33480010	4
6746	33480010	5
5700	33480010	5
3686	34640010	4
3686	34640020	3
47487	34950010	4
1978	34950010	5
5700	34950010	4
6227	A1300030	5
18904	A1300040	4
6227	A1300051	3
1379	A1400030	4
3379	A1400030	3
13301	A1400030	3
6227	A1400071	4
6746	A1400071	5
5700	A1400071	5
15529	A1400130	4
42289	A1400130	4
51811	A1400191	4
6227	A1400200	5
22123	A1400200	5
2194	A1400200	4
6227	A1400210	4
5700	A1400210	4
6406	A1400210	3
6227	A1400220	5
6227	A1400230	4
6227	A1400240	5
6227	A1400250	5
6227	A1400260	4
6227	A1400270	4
55447	A1400280	5
2543	A1400320	5
22977	A1400320	5
5837	A1400320	5
5343	A1400320	5
3379	A1400320	5
5804	A1400320	5
22147	A1400320	5
37287	A1400320	5
18771	A1400320	5
2194	A1400320	5
2194	A1400330	5
2194	A1400330	5
48169	A1400340	5
47954	A1400340	5
3379	A1400340	4
2194	A1400340	4
6227	A1400340	5
6746	A1400340	5
14490	A1400340	5
36647	A1400340	5
47487	A1400360	5
23	A1400380	3
52919	A1400380	3
5700	A1400400	5
2194	A1400400	4
22123	A1400401	5
2194	A1400401	5
26	A1400420	5
25	A1400460	3
6746	A1400480	5
2194	A1400480	4
4773	A1400550	4
26	A1400790	4
5678	A1400860	4
6746	A1400900	4
6746	A1400900	4
32345	A1400910	5
6746	A1400910	5
22123	A1400910	5
5700	A1401001	5
5700	A1401001	5
10294	A1401010	5
32345	A1401010	4
1858	A1401010	5
5700	A1401010	4
6746	A1401010	4
2194	A1401020	5
2194	A1401020	5
6746	A1401050	5
2194	A1401050	4
8372	A1401050	5
2956	A1401060	4
6746	A1401060	5
22123	A1401060	4
11711	A1401060	5
32345	A1401060	4
8372	A1401060	4
6288	A1401060	5
23	A1401060	4
2194	A1401060	5
15529	A1401060	3
5700	A1401100	5
3686	A1401110	4
23	A1401110	4
18904	A1401110	5
6746	A1401131	4
1858	A1401170	4
47487	A1401180	5
18904	A1401190	4
13849	A1401190	5
1858	A1401190	4
1858	A1401240	4
1858	A1401250	4
1858	A1401260	4
5700	A1401300	4
11711	A1401300	4
5700	A1401311	3
5700	A1401311	3
13849	A1401312	4
6746	A1401312	5
2194	A1401312	4
18904	A1401313	4
13849	A1401313	4
5678	A1401313	3
10294	A1401313	5
18904	A1401313	4
13849	A1401313	4
5678	A1401313	3
10294	A1401313	5
18904	A1401319	5
5678	A1401319	5
18904	A1401319	5
5678	A1401319	5
6746	A1401510	3
1379	A1401510	1
25	A1401550	4
25	A1401560	4
6227	A1401594	4
33869	A1401840	4
33869	A1401940	5
2194	A1401940	5
18904	A1402010	4
23	A1402310	4
47487	A1402310	5
2194	A1402310	4
23	A1402350	4
53782	A1402350	5
3379	A1402350	4
33869	A1402380	2
3474	A1402710	5
3379	A1402710	4
55308	A1402710	5
6227	A1402710	4
5512	A1402961	5
23239	A1402961	5
6746	A1402961	5
33869	A1402961	4
2194	A1402961	4
11711	A1402961	4
23	A1403100	3
2194	A1403100	5
6746	A1403100	5
18904	A1403110	4
6227	A1403110	2
2194	A1403110	4
2194	A1403130	4
6746	A1403140	5
6746	A1403340	5
2194	A1403400	4
23239	A1403400	5
6746	A1403411	5
47487	A1403411	5
3686	A1403411	5
3686	A1403590	4
21226	A1403590	4
20661	A1403620	5
15529	A1403770	4
6746	A1403770	5
15529	A1403780	3
47487	A1403780	5
6746	A1403780	4
38982	A1403801	4
44335	A1403810	3
30348	A1403810	5
2194	A1403810	5
48379	A1403810	5
55373	A1403810	5
18771	A1403810	5
32323	A1403810	4
55629	A1403810	5
3379	A1403812	5
6227	A1403831	4
6746	A1403831	4
22753	A1403831	5
5700	A1403831	4
6227	A1403832	4
6746	A1403832	5
5700	A1403832	4
5837	A1403834	5
55157	A1403834	5
5700	A1403834	5
3379	A1403834	5
32323	A1403834	5
55369	A1403834	4
55536	A1403834	5
48132	A1403834	5
14490	A1403834	5
55373	A1403834	5
55167	A1403834	4
2194	A1403834	5
55629	A1403834	4
25	A1403840	3
1379	A1403840	5
2194	A1403840	5
30298	A1403840	4
36482	A1403840	5
49661	A1403840	5
6227	A1403840	3
20619	A1403840	5
55332	A1403840	3
5700	A1403850	4
25	A1403850	3
23	A1403860	4
2194	A1403860	4
5700	A1403880	4
15529	A1403880	5
14490	A1403880	4
23	A1403880	4
1379	A1403890	5
6406	A1403920	3
21226	A1403950	4
3686	A1403950	4
23	A1403950	5
2194	A1403950	4
6406	A1403950	4
6155	A1403950	5
32345	A1403950	4
25	A1403950	4
2194	A1403960	3
33869	A1403970	3
2194	A1403970	3
25	A1403980	3
32323	A1403991	4
2956	A1404010	4
14050	A1404010	4
5700	A1404173	3
6227	A1404173	4
6155	A1404173	5
14490	A1404173	4
6746	A1404173	4
25	A1404173	3
6746	A1404175	5
49470	A1404180	5
23	A1404180	3
13849	A1404180	4
6746	A1404180	4
6227	A1404180	4
44335	A1404190	4
11711	A1404190	4
2194	A1404190	4
11711	A1404200	4
5512	A1404200	4
23	A1404200	3
2194	A1404200	3
22123	A1404200	5
44335	A1404200	4
3379	A1404200	4
15529	A1404200	4
6746	A1404200	4
10294	A1404200	4
10666	A1404240	5
1858	A1404240	5
11711	A1404250	3
18771	A1404250	5
2194	A1404250	5
15529	A1404260	4
2194	A1404381	5
10294	A1404381	5
14050	A1404400	3
53570	A1404400	5
2194	A1404400	4
6227	A1404410	4
6746	A1404490	5
13849	A1406000	4
6746	A1406000	4
6227	A1500100	4
2956	A1500300	5
55205	A1600120	4
55418	A1600120	5
48132	A1600120	5
40	A1600120	5
54620	A1600120	4
54453	A1600120	5
6746	A1600120	5
2194	A1600120	5
3379	A1600120	4
54819	A1600120	5
2194	A1600140	5
6746	A1600450	5
6746	A1600491	5
8372	A1600890	5
55063	A1601080	5
23	A1601100	4
23	A1601130	4
23	A1601131	4
55086	A1601230	4
34437	B1500050	3
5700	B1500090	5
54858	B1500090	5
6746	B1500090	4
6746	B1500150	5
2194	B1500281	4
6167	B1500282	4
2194	B1500431	5
51811	B1500580	4
6746	B1500950	5
5700	B1500950	5
6746	B1500960	5
5700	B1500960	4
23	B1501151	5
3379	B1501151	4
44335	B1501270	4
44335	B1501300	4
44335	B1501310	4
2194	B1501580	4
2194	B1501600	4
6746	B1501699	4
14050	B1501844	3
14155	B1501889	4
2956	B1501889	4
23	B1502015	4
6746	B1502015	5
48988	GT000284	3
33869	GT000311	4
33869	GT000627	4
33869	J0040313	5
33869	J0040313	5
42289	J0040358	4
42289	J0040358	4
14490	J0040472	5
33869	J0040485	5
6746	J0040485	5
48988	J0040515	4
44335	J0040515	4
13849	J0040758	4
3379	J0040758	4
2194	J0044233	4
14490	J0044237	4
3379	J0045553	5
33869	J0046735	4
44335	J0046735	4
11711	J0046735	4
5678	J0047043	4
33869	J0047619	4
1858	J0048949	4
6227	J0049094	4
6227	J0050100	4
2194	J0050102	4
11711	J0050108	4
11711	J0050108	4
6746	J0051577	4
2956	J0056932	5
6746	J0059819	5
1858	J0066114	4
6227	J0066139	4
6746	J0066222	5
18904	J0066525	4
14490	J0066649	5
47487	J0071098	5
31144	J0071150	4
47487	J0071261	4
22123	J0071321	5
14490	J0073960	4
22123	J0078098	5
6227	J0078116	4
6746	J0078925	5
6746	J0078927	2
6227	J0079677	4
6227	J0079693	4
44335	J0079765	3
6227	J0079765	4
53319	J0085337	3
33869	J0085484	4
14050	JA000001	4
30194	JA000001	4
2194	JA000001	5
18904	JA000001	5
53549	JA000001	4
2956	JA000001	4
1858	JA000001	5
6746	JA000001	5
52919	JA000002	5
11711	JA000002	5
2194	JA000002	4
1858	JA000002	5
18904	JA000002	4
33869	JA000004	5
18904	JA000004	5
42289	JA000004	4
10294	JA000004	4
53549	JA000004	3
1858	JA000004	5
5678	JA000004	5
3379	JB000094	3
5430	JB000113	5
2956	JB000113	5
23909	JB000125	4
18904	JB000176	5
22623	JB000176	4
5430	JB000176	5
5837	JB000176	5
23712	JB000176	5
3379	JB000176	3
6227	JB000177	4
2194	JB000178	4
5700	JB000179	5
22641	JB000179	4
6746	JB000179	4
2194	JB000180	4
6227	JB000181	5
3379	JB000181	3
11711	JC001012	5
3474	JC002152	5
5179	JC002169	3
2956	JC002172	5
3217	JD000000	5
6746	JD000028	5
44403	JD000106	1
18904	JE000110	4
53920	JF003200	5
6227	JF003430	4
2194	JF003430	5
54305	JF005085	1
3379	JK130104	3
36647	JK130107	4
55373	JK130107	5
2194	JM000219	4
6746	JM000219	5
31144	JM000221	5
31144	JM000264	4
6746	JN000120	4
5700	JN000130	4
6746	JN000130	4
10811	JP000051	5
49	JP000051	5
10912	JP000053	4
21001	JU000015	4
35811	JU000016	5
6746	YU000139	5
6746	YU000140	5
53610	YU000359	5
